[app/ui]
version = 7.1.1
modtime = 1530306725.119864200

[app/launcher]
version = 7.1.1
modtime = 1530306725.139865400
