[app/ui]
version = 7.1.1
modtime = 1529416991.530552800

[app/launcher]
version = 7.1.1
modtime = 1529416991.535552800
